% Coordinates of the RAE 2822 airfoil
1.000000000000000E+00 0.000000000000000E+00
9.990322321409896E-01 5.134542264547244E-05
9.979621740326764E-01 1.082282268009520E-04
9.967664137743355E-01 1.731832289698377E-04
9.954214637791856E-01 2.473790459863184E-04
9.939037215373460E-01 3.299047890194985E-04
9.921895540736183E-01 4.190924485263448E-04
9.902378158604321E-01 5.137642921013576E-04
9.878872619697830E-01 6.168423708406882E-04
9.849106613367904E-01 7.345476545990678E-04
9.810250214383428E-01 8.737692711512945E-04
9.760093736463620E-01 1.023051629596319E-03
9.689745880727928E-01 1.172275045703168E-03
9.599351418684939E-01 1.266301218762303E-03
9.477888176098068E-01 1.223383129068901E-03
9.355122270042753E-01 1.012157926390045E-03
9.222282506316702E-01 5.597328825038906E-04
9.077976478167009E-01 -1.346076936744700E-04
8.931283858677088E-01 -1.029296849484040E-03
8.776931502352816E-01 -2.150201375703847E-03
8.620693537213632E-01 -3.449915727512397E-03
8.455560406551924E-01 -4.973552459318731E-03
8.294448741571522E-01 -6.595597508111787E-03
8.126210424431172E-01 -8.431138452077273E-03
7.952354757078555E-01 -1.043810370592577E-02
7.782461581765909E-01 -1.250165906597196E-02
7.611157192725595E-01 -1.470349712690623E-02
7.431221655419495E-01 -1.710664067961157E-02
7.250717171891017E-01 -1.959324999787515E-02
7.063740096738923E-01 -2.222891481678560E-02
6.877960046314765E-01 -2.489204982030711E-02
6.686179148475947E-01 -2.767568471924670E-02
6.501208539940078E-01 -3.036193486538082E-02
6.324426977469444E-01 -3.301460081765876E-02
6.172079844754749E-01 -3.523454694184838E-02
5.997284533418151E-01 -3.761184649547980E-02
5.817271222585598E-01 -4.010777980718993E-02
5.642410924388329E-01 -4.250933703213060E-02
5.465002225344878E-01 -4.484561530472062E-02
5.291856682948359E-01 -4.703996548964127E-02
5.126547213951985E-01 -4.901668373722526E-02
4.961707647313185E-01 -5.085523893075112E-02
4.798355786598144E-01 -5.254285838930616E-02
4.638475589449056E-01 -5.405397009058803E-02
4.485149629010005E-01 -5.534706812341750E-02
4.333206725286426E-01 -5.645581030470510E-02
4.181060102611145E-01 -5.739543644483725E-02
4.033971337647421E-01 -5.812925283360158E-02
3.889236884258672E-01 -5.866246496738262E-02
3.743110516041729E-01 -5.901104338327515E-02
3.595799702032934E-01 -5.917590476911364E-02
3.446778406969037E-01 -5.915831579189882E-02
3.294057124461354E-01 -5.896211148283598E-02
3.139949731191025E-01 -5.859584146469475E-02
2.984431859605163E-01 -5.805789296900774E-02
2.821936120581472E-01 -5.733896725763001E-02
2.662032256806596E-01 -5.649134713409278E-02
2.503330208892799E-01 -5.549306875159464E-02
2.338048101816661E-01 -5.430796742665118E-02
2.171664581386706E-01 -5.298563368510271E-02
2.012155998073047E-01 -5.158352682451429E-02
1.852871510597660E-01 -5.002615905254782E-02
1.691077383110549E-01 -4.830064126582285E-02
1.535606175021126E-01 -4.649493586300497E-02
1.388202912163813E-01 -4.461257924366661E-02
1.241122520998878E-01 -4.255083038148504E-02
1.101550538525579E-01 -4.040981353881083E-02
9.673257821828120E-02 -3.814737208420631E-02
8.423264204266219E-02 -3.583273040308341E-02
7.200876025482071E-02 -3.333599762697726E-02
6.069895871872442E-02 -3.081273076236097E-02
5.132940912253652E-02 -2.849558995810270E-02
4.295478955913469E-02 -2.618653250302921E-02
3.505322879693999E-02 -2.377349667270013E-02
2.919074720039319E-02 -2.178590876010703E-02
2.410525644565464E-02 -1.985699313283351E-02
1.942717416181602E-02 -1.789375367615629E-02
1.581406438941521E-02 -1.621503012112368E-02
1.320427028599962E-02 -1.487262310422099E-02
1.135846981195394E-02 -1.382611308805307E-02
9.609106617181666E-03 -1.272940843479221E-02
7.848816520519785E-03 -1.149582378191673E-02
6.348798402361024E-03 -1.033998142318267E-02
5.159839982230426E-03 -9.358917878449155E-03
4.218370549948829E-03 -8.528839035774371E-03
3.477626972754474E-03 -7.809935343195333E-03
2.898840480551234E-03 -7.181166881746211E-03
2.445293567215804E-03 -6.626189734427997E-03
2.082352294306837E-03 -6.126040761349406E-03
1.778681256960175E-03 -5.659346916594951E-03
1.508991660788847E-03 -5.200165366491756E-03
1.260643564875080E-03 -4.731814618578037E-03
1.033266424383276E-03 -4.255466916611115E-03
8.271480366913984E-04 -3.773815461023517E-03
6.423511635040061E-04 -3.289606658139990E-03
4.788804271796456E-04 -2.805607237354370E-03
3.378690843689020E-04 -2.324566818353966E-03
2.207280171775334E-04 -1.849194455911126E-03
1.283536670363088E-04 -1.382095082774836E-03
6.090038014455192E-05 -9.240914840543441E-04
1.817223541037154E-05 -4.736403617518785E-04
2.928006147092299E-07 -2.891195728858082E-05
7.463107061209413E-06 4.119631753216496E-04
3.868213381202954E-05 8.506551702008767E-04
9.300682526814326E-05 1.288768032128357E-03
1.700295803371558E-04 1.727858534120272E-03
2.698211023772430E-04 2.169374849303800E-03
3.928747611082141E-04 2.614581186212757E-03
5.398729743632504E-04 3.063974689155221E-03
7.114400251176554E-04 3.517057174839661E-03
9.084717579527586E-04 3.973568635245190E-03
1.132095289589570E-03 4.433449356457076E-03
1.383495674932641E-03 4.896465984102676E-03
1.663884852237671E-03 5.362182224336189E-03
1.974469524726476E-03 5.829935034899589E-03
2.317368391619765E-03 6.300058576340762E-03
2.723568297855209E-03 6.806980738209330E-03
3.263965607592133E-03 7.417996232728961E-03
4.023801408268577E-03 8.191439383292878E-03
5.095878903399882E-03 9.176153153686108E-03
6.493962281993116E-03 1.036213679483556E-02
8.037931287141689E-03 1.157159053229460E-02
9.559256148111709E-03 1.265571498077429E-02
1.112297508949728E-02 1.366041893396685E-02
1.288363403558302E-02 1.468351557311133E-02
1.513592541055265E-02 1.586845627878027E-02
1.814679715109462E-02 1.729934228943639E-02
2.187343131778310E-02 1.888982110587176E-02
2.654249921023312E-02 2.068021936426368E-02
3.224766774346196E-02 2.263952062870952E-02
3.972340497073289E-02 2.494281683043136E-02
4.854801084121664E-02 2.740300257751103E-02
5.858982799683152E-02 2.993205126274746E-02
7.003319003837230E-02 3.255825269483097E-02
8.217844265354136E-02 3.510423302213164E-02
9.488052446925105E-02 3.753477111765602E-02
1.082754974342041E-01 3.987286158895577E-02
1.226412386751168E-01 4.217351342633879E-02
1.372138220329262E-01 4.432064460532855E-02
1.513280585424983E-01 4.621034378775146E-02
1.666907133858251E-01 4.806835429461882E-02
1.830846338499938E-01 4.990068116612880E-02
1.997184433451709E-01 5.162818389107984E-02
2.166136601448866E-01 5.325555017310576E-02
2.336136527069752E-01 5.478155791842326E-02
2.493776941164995E-01 5.606311471567337E-02
2.652591102700356E-01 5.719403367296492E-02
2.818480083331112E-01 5.822751865430636E-02
2.991598033151084E-01 5.918777438990919E-02
3.164802542665461E-01 6.004298279246159E-02
3.337413716712037E-01 6.078815664782251E-02
3.509490045401258E-01 6.142154603787154E-02
3.680804280153959E-01 6.194072327410352E-02
3.850944990962112E-01 6.234079445564832E-02
4.022388637990315E-01 6.262716832962163E-02
4.195795334415293E-01 6.280656581963981E-02
4.369595788749291E-01 6.288320089093781E-02
4.537570665372569E-01 6.284480114688189E-02
4.706725406579311E-01 6.267808823032636E-02
4.878329548968951E-01 6.239505858052243E-02
5.044715299951175E-01 6.200104337857765E-02
5.211127791771590E-01 6.147403484758555E-02
5.377768193159280E-01 6.081858345473470E-02
5.541121507012396E-01 6.004236658722519E-02
5.705552812141050E-01 5.912055437623410E-02
5.872304653742833E-01 5.805271801795309E-02
6.040582390289095E-01 5.684940287781237E-02
6.207162050994957E-01 5.553426566577705E-02
6.377371690852559E-01 5.406137333224639E-02
6.551122119146023E-01 5.245959022649727E-02
6.699474308511241E-01 5.095961675303755E-02
6.870183885472708E-01 4.904944266453235E-02
7.040398826102487E-01 4.720735753098197E-02
7.179142713130748E-01 4.562455915999045E-02
7.346221637158739E-01 4.351496477373694E-02
7.518428814374423E-01 4.140384073932803E-02
7.667539507703071E-01 3.946774971528828E-02
7.849797938320050E-01 3.695024674605944E-02
8.025395817462955E-01 3.446679350832808E-02
8.197708114857986E-01 3.192410403278996E-02
8.376718252249583E-01 2.918736947907882E-02
8.554985464606554E-01 2.638996329789774E-02
8.730726965347122E-01 2.354430343810357E-02
8.907322151157140E-01 2.059702472894727E-02
9.081446689059908E-01 1.760127794355860E-02
9.255894919640845E-01 1.451648835790097E-02
9.421623880580811E-01 1.146734215309518E-02
9.573858512638047E-01 8.597844240816827E-03
9.692653522930047E-01 6.314160695334544E-03
9.767046814915475E-01 4.844037214462438E-03
9.820852938692680E-01 3.770231718587505E-03
9.857199183924741E-01 3.037012959106185E-03
9.885313188914376E-01 2.460089010707814E-03
9.908251224095679E-01 1.983696433104224E-03
9.927398461645425E-01 1.582216200066281E-03
9.943664787412645E-01 1.237438909702827E-03
9.957586228103207E-01 9.388390767149459E-04
9.969671141118344E-01 6.759100068288338E-04
9.980427821951383E-01 4.380867725465865E-04
9.990366814984947E-01 2.157835728836628E-04
